res = 7.000000
res = 11.000000
res = 78.333333
Exiting...
